=== Last Run ===
timestamp: 2026-02-09T16:47:08.449402
episodes: 30
learning_tau: 0.5
avg_actor_loss: -0.000110
avg_critic_loss: 0.400283
avg_reward_path: -0.00058705
avg_turnover: 0.26409058
avg_fee: 0.00055459
evaluate: True
test_T_days: 5040
test_seeds: 1,2,3,4
