=== Last Run ===
timestamp: 2026-02-09T18:04:23.369026
episodes: 30
learning_tau: 0.9
avg_actor_loss: 0.038894
avg_critic_loss: 0.556873
avg_reward_path: -0.00067355
avg_turnover: 0.30431194
avg_fee: 0.00063906
evaluate: True
test_T_days: 5040
test_seeds: 1,2,3,4
