=== Last Run ===
timestamp: 2026-02-09T15:31:46.067842
episodes: 30
learning_tau: 0.1
avg_actor_loss: -0.035032
avg_critic_loss: 0.516367
avg_reward_path: -0.00017391
avg_turnover: 0.24955096
avg_fee: 0.00052406
evaluate: True
test_T_days: 5040
test_seeds: 1,2,3,4
