=== Last Run ===
timestamp: 2026-02-09T16:16:08.804695
episodes: 30
learning_tau: 0.5
avg_actor_loss: 0.000115
avg_critic_loss: 0.962941
avg_reward_path: -0.00058722
avg_turnover: 0.21512828
avg_fee: 0.00045177
evaluate: True
test_T_days: 5040
test_seeds: 1,2,3,4
