=== Last Run ===
timestamp: 2026-02-09T15:47:00.154320
episodes: 30
learning_tau: 0.1
avg_actor_loss: -0.025085
avg_critic_loss: 0.403225
avg_reward_path: -0.00117511
avg_turnover: 0.41144979
avg_fee: 0.00086404
evaluate: True
test_T_days: 5040
test_seeds: 1,2,3,4
