=== Last Run ===
timestamp: 2026-02-09T15:47:00.051207
episodes: 30
learning_tau: 0.1
avg_actor_loss: 0.004246
avg_critic_loss: 0.305985
avg_reward_path: -0.00080747
avg_turnover: 0.36301201
avg_fee: 0.00076233
evaluate: True
test_T_days: 5040
test_seeds: 1,2,3,4
