=== Last Run ===
timestamp: 2026-02-09T16:16:11.824844
episodes: 30
learning_tau: 0.5
avg_actor_loss: -0.000196
avg_critic_loss: 0.983878
avg_reward_path: -0.00068581
avg_turnover: 0.23415731
avg_fee: 0.00049173
evaluate: True
test_T_days: 5040
test_seeds: 1,2,3,4
