=== Last Run ===
timestamp: 2026-02-09T16:31:39.555983
episodes: 30
learning_tau: 0.5
avg_actor_loss: -0.000214
avg_critic_loss: 0.515081
avg_reward_path: -0.00019517
avg_turnover: 0.24701994
avg_fee: 0.00051874
evaluate: True
test_T_days: 5040
test_seeds: 1,2,3,4
