=== Last Run ===
timestamp: 2026-02-09T17:33:23.487752
episodes: 30
learning_tau: 0.9
avg_actor_loss: 0.011112
avg_critic_loss: 0.942306
avg_reward_path: -0.00100811
avg_turnover: 0.32091815
avg_fee: 0.00067393
evaluate: True
test_T_days: 5040
test_seeds: 1,2,3,4
