=== Last Run ===
timestamp: 2026-02-09T16:47:13.606552
episodes: 30
learning_tau: 0.5
avg_actor_loss: -0.000131
avg_critic_loss: 0.299346
avg_reward_path: -0.00040301
avg_turnover: 0.23237912
avg_fee: 0.00048800
evaluate: True
test_T_days: 5040
test_seeds: 1,2,3,4
