=== Last Run ===
timestamp: 2026-02-09T16:31:27.826495
episodes: 30
learning_tau: 0.5
avg_actor_loss: -0.000059
avg_critic_loss: 0.747944
avg_reward_path: -0.00065943
avg_turnover: 0.25822784
avg_fee: 0.00054228
evaluate: True
test_T_days: 5040
test_seeds: 1,2,3,4
