=== Last Run ===
timestamp: 2026-02-09T17:02:52.198534
episodes: 30
learning_tau: 0.5
avg_actor_loss: -0.001145
avg_critic_loss: 0.570715
avg_reward_path: -0.00051474
avg_turnover: 0.26383629
avg_fee: 0.00055406
evaluate: True
test_T_days: 5040
test_seeds: 1,2,3,4
